6368982.76 1860204.22 22.11
6368980.89 1860204.32 21.39
6368977.91 1860202.68 65.35
6368979.38 1860203.36 71.26
6368980.86 1860204.02 77.2
6368982.89 1860205.63 76.48
6368982.76 1860206.81 79.17
6368981.02 1860205.96 72.31
6368978.82 1860204.38 71.29
6368976.79 1860203.07 68.11
6368975.18 1860202.48 59.91
6368971.51 1860202.61 19.95
6368971.64 1860203.1 67.75
6368973.71 1860204.71 66.6
6368975.67 1860206.19 66.96
6368977.28 1860207.07 71.82
6368979.25 1860208.58 72.01
6368980.27 1860210.29 59.15
6368980.86 1860209.47 76.41
6368982.86 1860210.98 76.71
6368982.43 1860212.03 76.21
6368980.37 1860210.65 73.56
6368978.17 1860209.11 72.24
6368975.87 1860207.37 72.28
6368974.33 1860206.81 63.48
6368972.43 1860205.79 58.43
6368975.48 1860210.81 21.33
6368969.34 1860202.64 68.73
6368963.9 1860202.15 20.7
6368963.04 1860205.37 19.75
6368963.27 1860202.08 66.99
6368966.09 1860204.97 56.96
6368968.13 1860206.55 56.33
6368971.05 1860211.37 20.24
6368970.49 1860208.65 52.13
6368972.52 1860210.25 51.35
6368974.95 1860214.26 21.69
6368974.3 1860211.34 54.56
6368976.82 1860215.57 23.2
6368976.23 1860212.88 54.23
6368978.46 1860216.52 27.36
6368976.86 1860212.03 71.52
6368978.07 1860214.06 56.59
6368978.59 1860213.17 74.25
6368980.07 1860215.67 56.04
6368982.17 1860219.08 30.94
6368980.63 1860214.75 73.69
6368981.94 1860216.88 58.14
6368982.5 1860218.85 57.35
6368978.82 1860214.78 73.95
6368980.2 1860217.08 57.41
6368978.07 1860215.6 55.51
6368980.1 1860218.98 30.84
6368975.97 1860214.19 53.08
6368978.23 1860217.93 25.75
6368973.51 1860212.19 55.05
6368976.1 1860216.49 23.49
6368971.38 1860210.75 52.79
6368969.41 1860209.53 49.02
6368966.52 1860206.81 56.36
6368969.44 1860211.7 20.11
6368964.26 1860205.17 55.58
6368961.24 1860202.15 65.26
6368959.99 1860202.22 51.67
6368962.55 1860206.55 19.32
6368955.37 1860204.87 21.65
6368957.53 1860206.61 20.11
6368957.33 1860204.45 47.87
6368959.79 1860206.74 42.16
6368961.83 1860208.32 41.93
6368963.8 1860209.79 42.03
6368965.14 1860210.19 50.2
6368967.64 1860214.32 19.55
6368967.47 1860212.29 46.33
6368969.54 1860215.67 20.93
6368969.01 1860213.01 51.84
6368970.49 1860213.67 58.07
6368972.43 1860215.01 59.28
6368974.3 1860216.36 60.5
6368976.63 1860218.42 56.69
6368978.82 1860220.23 54.36
6368980.76 1860221.67 55.02
6368982.7 1860224.82 32.15
6368982.73 1860223.15 55.51
6368982.43 1860224.46 55.09
6368980.1 1860222.62 55.84
6368977.91 1860221.05 54.49
6368975.02 1860218.36 61.38
6368972.62 1860216.49 62.27
6368970.72 1860215.37 57.97
6368968.52 1860213.86 56.
6368966.95 1860213.27 47.6
6368969.11 1860216.88 20.8
6368964.72 1860211.7 46.52
6368966.91 1860215.34 19.32
6368962.45 1860209.96 46.26
6368960.48 1860208.81 42.13
6368958.06 1860206.91 43.34
6368955.1 1860204.02 52.
6368949.59 1860203.1 63.48