6368982.76 1860204.22 22.11
6368980.89 1860204.32 21.39
6368977.91 1860202.68 65.35
6368979.38 1860203.36 71.26
6368980.86 1860204.02 77.2
6368982.89 1860205.63 76.48
6368982.76 1860206.81 79.17
6368981.02 1860205.96 72.31
6368978.82 1860204.38 71.29
6368976.79 1860203.07 68.11
6368975.18 1860202.48 59.91
6368971.51 1860202.61 19.95
6368971.64 1860203.1 67.75
6368973.71 1860204.71 66.6
6368975.67 1860206.19 66.96
6368977.28 1860207.07 71.82
6368979.25 1860208.58 72.01
6368980.27 1860210.29 59.15
6368980.86 1860209.47 76.41
6368982.86 1860210.98 76.71
6368982.43 1860212.03 76.21
6368980.37 1860210.65 73.56
6368978.17 1860209.11 72.24
6368975.87 1860207.37 72.28
6368974.33 1860206.81 63.48
6368972.43 1860205.79 58.43
6368975.48 1860210.81 21.33
6368969.34 1860202.64 68.73
6368963.9 1860202.15 20.7
6368963.04 1860205.37 19.75
6368963.27 1860202.08 66.99
6368966.09 1860204.97 56.96
6368968.13 1860206.55 56.33
6368971.05 1860211.37 20.24
6368970.49 1860208.65 52.13
6368972.52 1860210.25 51.35
6368974.95 1860214.26 21.69
6368974.3 1860211.34 54.56
6368976.82 1860215.57 23.2
6368976.23 1860212.88 54.23
6368978.46 1860216.52 27.36
6368976.86 1860212.03 71.52
6368978.07 1860214.06 56.59
6368978.59 1860213.17 74.25
6368980.07 1860215.67 56.04
6368982.17 1860219.08 30.94
6368980.63 1860214.75 73.69
6368981.94 1860216.88 58.14
6368982.5 1860218.85 57.35
6368978.82 1860214.78 73.95
6368980.2 1860217.08 57.41
6368978.07 1860215.6 55.51
6368980.1 1860218.98 30.84
6368975.97 1860214.19 53.08
6368978.23 1860217.93 25.75
6368973.51 1860212.19 55.05
6368976.1 1860216.49 23.49
6368971.38 1860210.75 52.79
6368969.41 1860209.53 49.02
6368966.52 1860206.81 56.36
6368969.44 1860211.7 20.11
6368964.26 1860205.17 55.58
6368961.24 1860202.15 65.26
6368959.99 1860202.22 51.67
6368962.55 1860206.55 19.32
6368955.37 1860204.87 21.65
6368957.53 1860206.61 20.11
6368957.33 1860204.45 47.87
6368959.79 1860206.74 42.16
6368961.83 1860208.32 41.93
6368963.8 1860209.79 42.03
6368965.14 1860210.19 50.2
6368967.64 1860214.32 19.55
6368967.47 1860212.29 46.33
6368969.54 1860215.67 20.93
6368969.01 1860213.01 51.84
6368970.49 1860213.67 58.07
6368972.43 1860215.01 59.28
6368974.3 1860216.36 60.5
6368976.63 1860218.42 56.69
6368978.82 1860220.23 54.36
6368980.76 1860221.67 55.02
6368982.7 1860224.82 32.15
6368982.73 1860223.15 55.51
6368982.43 1860224.46 55.09
6368980.1 1860222.62 55.84
6368977.91 1860221.05 54.49
6368975.02 1860218.36 61.38
6368972.62 1860216.49 62.27
6368970.72 1860215.37 57.97
6368968.52 1860213.86 56.
6368966.95 1860213.27 47.6
6368969.11 1860216.88 20.8
6368964.72 1860211.7 46.52
6368966.91 1860215.34 19.32
6368962.45 1860209.96 46.26
6368960.48 1860208.81 42.13
6368958.06 1860206.91 43.34
6368955.1 1860204.02 52.
6368949.59 1860203.1 63.48
6368952.12 1860205.6 55.97
6368953.82 1860208.48 34.38
6368955.33 1860209.07 41.31
6368957.24 1860210.52 42.03
6368958.84 1860211.37 46.92
6368960.98 1860213.04 45.83
6368962.58 1860213.96 50.13
6368964.52 1860215.31 51.61
6368966.46 1860216.75 51.84
6368968.26 1860217.9 54.66
6368969.87 1860218.72 59.68
6368972.23 1860220.82 55.18
6368974.1 1860222.16 56.86
6368976.1 1860223.64 56.92
6368978.04 1860226.86 33.5
6368978.2 1860225.35 55.71
6368980.43 1860227.28 52.79
6368982.4 1860228.66 53.9
6368983.88 1860231.02 56.56
6368981.74 1860229.51 55.25
6368983.65 1860232.63 32.87
6368979.35 1860227.64 56.07
6368976.76 1860225.44 59.38
6368974.92 1860224.46 53.97
6368976.76 1860227.48 32.12
6368972.16 1860222. 59.15
6368969.8 1860220.13 60.2
6368967.5 1860218.39 60.33
6368965.8 1860217.64 53.05
6368963.44 1860215.8 53.64
6368961.47 1860214.62 49.77
6368962.62 1860216.55 35.14
6368959.43 1860213.34 46.1
6368957.3 1860211.89 43.96
6368955.76 1860211.47 34.32
6368951.76 1860206.81 56.14
6368953.43 1860209.63 34.78
6368949. 1860204.22 62.6
6368946.9 1860202.87 59.48
6368939.72 1860202.02 55.09
6368941.46 1860203.1 58.23
6368942.8 1860205.4 40.81
6368943.42 1860204.58 58.53
6368944.51 1860206.42 44.62
6368946.54 1860208.02 43.9
6368947.39 1860207.53 58.89
6368949.2 1860210.61 35.89
6368950.9 1860211.63 39.67
6368952.77 1860212.94 41.31
6368954.97 1860214.75 39.14
6368957.24 1860216.75 35.37
6368958.42 1860218.72 20.64
6368959.17 1860218.1 36.94
6368960.09 1860217.8 50.23
6368961.04 1860219.44 38.25
6368962.12 1860219.41 49.61
6368963.8 1860220.33 54.13
6368965.67 1860221.67 55.09
6368967.57 1860223.02 56.43
6368969.7 1860224.72 54.89
6368971.41 1860225.74 58.63
6368973.44 1860227.31 58.4
6368975.41 1860228.76 58.79
6368977.61 1860230.6 56.63
6368979.45 1860231.81 58.89
6368981.65 1860235.39 32.84
6368981.35 1860233.19 60.01
6368982.73 1860235.45 43.41
6368983.45 1860234.86 58.89
6368983.45 1860236.4 59.05
6368981.09 1860234.53 59.81
6368983.38 1860238.24 33.2
6368978.63 1860232.53 61.52
6368981.02 1860236.47 33.4
6368976.56 1860231.25 58.27
6368974.3 1860229.55 57.84
6368971.97 1860227.77 58.01
6368969.83 1860226.33 55.84
6368967.37 1860224.36 57.38
6368965.08 1860222.69 57.02
6368963.34 1860221.84 50.23
6368960.94 1860220.03 50.75
6368963.4 1860224.1 20.64
6368959.63 1860219.9 38.62
6368957.33 1860218.19 38.12
6368952.91 1860215.08 35.5
6368950.28 1860212.75 39.73
6368946.47 1860208.48 58.96
6368948.21 1860211.5 35.99
6368945.2 1860208.55 44.91
6368941.88 1860205.04 58.66
6368944.08 1860208.84 29.46
6368939.78 1860203.63 55.77
6368937.62 1860202.12 54.1
6368932.1 1860202.28 53.41
6368934.27 1860206.12 24.25
6368934.01 1860203.56 55.18
6368936.04 1860205.2 54.17
6368937.81 1860206.32 57.02
6368940.27 1860208.71 50.56
6368942.28 1860210.12 51.12
6368945.42 1860213.7 35.6
6368947.16 1860214.72 39.34
6368949.26 1860216.42 37.89
6368952.64 1860220.26 20.44
6368954.61 1860221.64 21.52
6368956.15 1860222.46 26.77
6368958.35 1860224.23 24.87
6368959.5 1860224.36 35.6
6368959.93 1860223.25 54.59
6368961.47 1860225.87 35.47
6368962.16 1860225.15 51.94
6368963.54 1860227.41 35.33
6368963.86 1860226.17 55.35
6368965.6 1860227.25 58.5
6368967.41 1860228.43 61.15
6368969.41 1860229.97 60.79
6368971.64 1860231.84 58.23
6368973.64 1860235.16 34.12
6368973.21 1860232.66 63.25
6368975.41 1860234.53 60.73
6368977.68 1860238.24 33.92
6368977.15 1860235.58 64.14
6368979.74 1860239.85 33.37
6368979.32 1860237.39 62.11
6368981.02 1860240.18 41.93
6368981.42 1860239.06 60.93
6368982.6 1860241. 46.78
6368983.48 1860240.67 60.4
6368983.22 1860241.98 60.43
6368980.83 1860240.14 61.25
6368983.29 1860244.01 33.27
6368978.53 1860238.31 61.75
6368980.4 1860241.39 39.83
6368975.87 1860236.04 65.55
6368978.59 1860240.44 33.89
6368973.9 1860234.86 61.84
6368976.26 1860238.67 34.19
6368971.54 1860233.02 62.5
6368974.03 1860237.09 33.04
6368969.37 1860231.51 60.73
6368971.61 1860235.16 34.25
6368967.24 1860230. 59.25
6368964.95 1860228.3 58.79
6368963.04 1860227.15 54.46
6368960.88 1860225.77 51.97
6368962.12 1860227.77 37.17
6368959.86 1860226.13 36.29
6368960.91 1860227.87 23.59
6368957.79 1860224.79 33.56
6368956.09 1860224.07 25.75
6368953.53 1860221.9 29.
6368951.49 1860220.69 24.97
6368947.98 1860216.88 40.35
6368949.46 1860219.37 21.85
6368944.01 1860212.29 62.27
6368945.88 1860215.47 38.02
6368942.54 1860211.96 51.31
6368940.18 1860210.12 52.23
6368937.55 1860207.76 57.28
6368935.22 1860205.99 57.35
6368933.25 1860204.81 53.15
6368935.32 1860208.42 25.62
6368930.86 1860202.94 54.49
6368933.06 1860206.68 25.69
6368926.13 1860203.23 58.79
6368928.23 1860204.97 57.32
6368930.5 1860208.91 26.84
6368930.73 1860207.3 50.92
6368932.47 1860210.32 27.82
6368932.47 1860208.38 54.17
6368934.43 1860209.83 54.63
6368935.84 1860210.32 62.34
6368937.62 1860211.53 64.7
6368938.54 1860213.04 52.99
6368939.75 1860213.21 63.39
6368941.55 1860214.39 65.58
6368943.82 1860216.42 62.01
6368946.61 1860221.11 26.64
6368945.85 1860218. 61.52
6368948.74 1860222.85 24.97
6368947.72 1860219.24 63.32
6368950.81 1860224.46 24.38
6368952.64 1860225.71 26.64
6368954.74 1860227.31 25.98
6368956.68 1860228.79 26.48
6368956.65 1860226.86 52.03
6368958.58 1860228.3 52.59
6368960.19 1860229.12 57.48
6368962.09 1860230.5 58.76
6368964.06 1860231.94 59.09
6368965.9 1860233.15 61.58
6368968. 1860236.66 35.76
6368967.96 1860234.79 60.56
6368969.44 1860237.26 42.45
6368969.97 1860236.27 60.79
6368972. 1860239.68 35.96
6368971.84 1860237.58 62.4
6368973.8 1860240.83 38.62
6368973.77 1860238.99 63.06
6368975.67 1860240.34 64.27
6368978. 1860244.11 37.24
6368977.84 1860242.14 62.5
6368979.97 1860243.82 60.96
6368982.4 1860247.72 33.01
6368981.71 1860244.9 64.11
6368982.14 1860246.67 65.09
6368979.87 1860245.03 64.37
6368982.6 1860249.43 32.91
6368977.81 1860243.69 61.71
6368979.25 1860245.98 45.11
6368980.3 1860247.69 33.07
6368975.41 1860241.75 62.96
6368976.49 1860243.55 50.03
6368973.21 1860240.27 61.19
6368975.18 1860243.42 38.42
6368970.85 1860238.34 62.7
6368972.16 1860240.5 47.11
6368973.25 1860242.27 34.25
6368968.72 1860236.93 60.43
6368970.72 1860240.21 36.38
6368966.39 1860235.12 60.76
6368968.49 1860238.53 35.96
6368964.32 1860233.78 57.91
6368961.89 1860231.84 59.42
6368963.47 1860234.43 40.29
6368959.7 1860230.27 58.63
6368957.96 1860229.41 51.77
6368955.69 1860227.71 51.64
6368957.43 1860230.66 29.72
6368955.46 1860229.58 24.67
6368950.15 1860222.72 63.19
6368953. 1860227.51 27.36
6368947.85 1860220.95 63.12
6368950.9 1860226.2 23.92
6368945.49 1860219.11 64.01
6368947.79 1860223.05 34.35
6368943.36 1860217.7 61.84
6368945.82 1860221.84 30.45
6368940.86 1860215.6 64.76
6368938.47 1860213.67 66.17
6368936.24 1860212.09 64.96
6368937.58 1860214.42 47.05
6368932.4 1860209.89 55.38
6368930.3 1860208.52 52.72
6368927.61 1860206.09 58.1
6368925.38 1860204.45 57.74
6368923.28 1860203.04 55.12
6368925.35 1860206.68 27.07
6368918.42 1860204.02 49.61
6368920.23 1860205.17 52.3
6368922.33 1860206.97 49.77
6368924.07 1860209.96 26.67
6368924.46 1860208.68 48.29
6368926.07 1860211.47 26.8
6368926. 1860209.4 54.
6368927.68 1860210.32 58.79
6368929.48 1860211.53 60.66
6368932.04 1860216. 26.84
6368931.68 1860213.4 58.1
6368934.17 1860217.73 25.07
6368933.15 1860214.06 64.37
6368935.55 1860218.16 33.1
6368936.44 1860219.74 21.42
6368934.8 1860215.01 68.64
6368936.86 1860216.62 67.65
6368938.9 1860218.23 66.96
6368941.09 1860220.1 64.27
6368942.9 1860223.15 41.21
6368942.73 1860220.98 68.67
6368944.77 1860222.56 67.98
6368947.03 1860226.43 39.44
6368946.54 1860223.77 70.28
6368948.77 1860227.45 42.95
6368948.9 1860225.84 66.21
6368951.07 1860229.48 39.17
6368953. 1860230.86 40.19
6368954.38 1860233.15 23.16
6368954.09 1860230.86 51.12
6368955.96 1860234.04 27.92
6368955.73 1860231.81 55.38
6368957.7 1860233.22 56.
6368959.5 1860234.5 57.97
6368961.7 1860236.27 55.94
6368963.24 1860238.86 36.75
6368963.54 1860237.55 57.51
6368965.37 1860240.63 35.01
6368965.44 1860238.86 59.12
6368967.47 1860242.21 34.61
6368967.21 1860240.01 61.58
6368969.21 1860243.36 37.24
6368969.18 1860241.49 61.97
6368971.15 1860244.74 38.19
6368971.05 1860242.83 63.19
6368973.31 1860246.51 36.38
6368973.05 1860244.28 63.55
6368975.28 1860247.98 36.97
6368974.95 1860245.69 64.47
6368977.22 1860249.39 37.73
6368976.95 1860247.2 64.53
6368978.56 1860249.79 45.93
6368979.64 1860251.56 33.14
6368978.92 1860248.67 64.73
6368981.68 1860253.1 32.97
6368981.02 1860250.35 63.58
6368983.68 1860254.61 33.27
6368982.99 1860251.86 63.42
6368983.06 1860253.59 61.55
6368980.73 1860251.82 61.88
6368982.5 1860254.68 41.54
6368978.07 1860249.59 65.52
6368980.92 1860254.12 32.97
6368975.84 1860247.92 64.83
6368977.68 1860250.9 43.67
6368973.48 1860246.11 65.42
6368976.1 1860250.28 35.3
6368971.44 1860244.77 62.57
6368973.51 1860248.11 38.39
6368969.15 1860243.1 62.24
6368966.68 1860241.09 63.75
6368969.21 1860245.23 34.09
6368964.72 1860239.91 60.04
6368966.82 1860243.29 35.24
6368962.55 1860238.34 58.69
6368964.06 1860240.9 40.03
6368960.35 1860236.8 57.55
6368958.19 1860235.25 55.68
6368957.04 1860235.52 41.08
6368954.74 1860233.74 41.27
6368956.05 1860235.91 25.46
6368952.71 1860232.53 37.5
6368953.86 1860234.4 23.62
6368948.28 1860227.15 64.67
6368950.02 1860230.07 42.91
6368951.69 1860232.89 21.82
6368945.49 1860224.59 70.77
6368943.19 1860222.89 70.77
6368940.86 1860221.11 71.06
6368938.76 1860219.7 68.54
6368936.47 1860218. 68.47
6368934.5 1860216.78 64.63
6368936.89 1860220.88 33.6
6368932.2 1860215.04 64.5
6368934.73 1860219.41 31.63
6368930.4 1860214.13 58.3
6368927.94 1860212.16 60.47
6368930.46 1860216.49 27.26
6368925.94 1860210.91 56.66
6368924.23 1860210.19 49.02
6368925.9 1860213.11 26.57
6368921.51 1860207.73 54.36
6368923.67 1860211.53 24.97
6368919.54 1860206.58 50.07
6368921.18 1860209.47 27.79
6368917.08 1860204.48 52.92
6368918.78 1860207.53 29.49
6368918.36 1860209.2 59.38
6368920.85 1860213.53 25.82
6368920.36 1860210.68 59.19
6368921.31 1860212.39 46.23
6368922.56 1860214.62 29.2
6368922.16 1860211.89 61.68
6368924.69 1860216.29 28.08
6368924.13 1860213.4 61.58
6368926.72 1860217.9 27.1
6368925.97 1860214.62 63.91
6368928.76 1860219.44 27.
6368927.91 1860216. 64.63
6368930.27 1860218.23 59.12
6368931.88 1860221.02 38.16
6368933.09 1860223.05 22.51
6368931.65 1860218.65 67.45
6368933.52 1860219.93 69.03
6368935.35 1860221.28 70.18
6368937.29 1860222.59 71.69
6368939.22 1860224.03 71.82
6368941.59 1860226.2 67.29
6368943.42 1860227.45 69.09
6368945.56 1860229.18 67.29
6368948.48 1860232.27 55.51
6368949.62 1860234.17 41.47
6368951.07 1860236.53 23.88
6368950.31 1860233.48 57.87
6368951.49 1860235.48 43.08
6368952.97 1860237.94 24.93
6368952.22 1860234.86 58.69
6368953.3 1860236.63 45.67
6368954.64 1860238.86 29.17
6368955.63 1860238.67 41.9
6368956.22 1860237.91 58.5
6368958.29 1860241.32 33.17
6368958.25 1860239.45 58.4
6368960.29 1860242.83 33.63
6368960.09 1860240.73 60.04
6368961.96 1860243.78 37.47
6368962.19 1860242.41 58.92
6368964.16 1860243.82 59.51
6368966.16 1860247.13 35.43
6368966.09 1860245.23 60.43
6368968.26 1860248.8 34.38
6368967.8 1860246.28 63.58
6368970.26 1860250.28 34.55
6368969.74 1860247.66 64.6
6368971.8 1860251.07 40.03
6368971.7 1860249.16 64.76
6368974.26 1860253.3 34.78
6368973.8 1860250.77 63.91
6368976.3 1860254.84 34.55
6368975.77 1860252.28 63.91
6368978.33 1860256.38 34.68
6368977.87 1860253.95 62.6
6368979.25 1860256.12 47.08
6368979.61 1860255.07 65.58
6368981.81 1860258.55 41.01
6368981.71 1860256.78 64.34
6368983.61 1860259.76 43.04
6368983.94 1860258.58 62.11
6368981.97 1860258.58 63.94
6368983.58 1860261.17 45.44
6368979.51 1860256.58 65.81
6368977.31 1860255.04 64.3
6368979.87 1860259.11 35.3
6368975.25 1860253.63 62.2
6368977.64 1860257.5 34.58
6368972.75 1860251.56 64.57
6368975.31 1860255.76 34.65
6368970.56 1860249.98 63.48
6368972.85 1860253.69 36.84
6368968.29 1860248.31 63.09
6368970.56 1860251.99 36.65
6368966.16 1860246.87 61.06
6368968.46 1860250.58 34.22
6368964.06 1860245.42 58.96
6368966.09 1860248.74 35.24
6368961.73 1860243.65 59.15
6368959.47 1860241.95 59.09
6368961.4 1860245.13 35.83
6368957.27 1860240.37 58.23
6368955.04 1860238.67 58.01
6368957.14 1860242.24 31.92
6368952.54 1860236.7 60.1
6368953.92 1860238.99 42.95
6368955.04 1860240.86 29.1
6368950.41 1860235.22 58.17
6368951.36 1860236.83 46.
6368953.04 1860239.62 25.52
6368948.15 1860233.48 58.27
6368945.16 1860230.63 66.37
6368942.67 1860228.56 69.16
6368940.47 1860226.99 67.98
6368937.91 1860224.76 72.08
6368935.81 1860223.38 69.32
6368933.71 1860221.93 67.32
6368931.38 1860220.13 67.91
6368929.71 1860219.44 60.04
6368931.28 1860222.2 39.47
6368927.51 1860217.9 58.76
6368925.54 1860216.72 54.86
6368927.64 1860220.39 26.74
6368922.98 1860214.52 58.56
6368925.31 1860218.62 27.17
6368920.85 1860213.04 56.5
6368923.12 1860217.01 26.28
6368918.46 1860211.11 58.23
6368920.88 1860215.4 25.2
6368917.51 1860214.29 62.57
6368918.65 1860216.29 47.21
6368920.2 1860219.08 25.89
6368919.67 1860216.13 60.04
6368922.26 1860220.69 25.26
6368921.74 1860217.73 59.19
6368924.39 1860222.36 23.95
6368923.61 1860218.98 60.96
6368926.46 1860224. 22.93
6368925.81 1860220.88 58.2
6368928.5 1860225.51 23.16
6368927.74 1860222.29 58.92
6368929.38 1860223.21 63.39
6368931.38 1860224.66 63.91
6368933.15 1860225.84 66.34
6368935.06 1860227.22 67.29
6368936.86 1860228.33 70.11
6368938.9 1860229.97 69.06
6368941.06 1860231.74 67.39
6368943.29 1860233.61 64.6
6368945.26 1860235.16 64.37
6368947.72 1860237.42 58.92
6368950.54 1860242.11 24.48
6368949.76 1860238.96 58.66
6368952.31 1860243.26 27.07
6368952.41 1860241.59 50.52
6368954.02 1860244.28 30.97
6368954.05 1860242.47 55.41
6368956.02 1860243.95 55.54
6368957.56 1860246.47 36.91
6368957.89 1860245.16 57.68
6368959.66 1860248.15 35.96
6368959.63 1860246.28 60.6
6368961.99 1860248.41 56.1
6368963.6 1860251.03 37.01
6368963.57 1860249.23 61.35
6368965.7 1860252.74 35.66
6368965.47 1860250.54 62.8
6368967.6 1860254.02 37.47
6368967.34 1860251.82 64.34
6368969.24 1860253.17 65.85
6368972.13 1860256.19 55.09
6368973.94 1860259.01 34.42
6368973.41 1860256.42 64.07
6368975.9 1860260.52 34.78
6368975.44 1860258.09 63.25
6368978.04 1860262.22 33.56
6368977.38 1860259.43 64.4
6368980.1 1860263.8 33.17
6368979.38 1860261.01 63.78
6368982.17 1860265.4 32.78
6368981.38 1860262.48 64.17
6368983.52 1860264.19 62.86
6368983.32 1860265.63 61.19
6368980.69 1860263.47 64.3
6368983.32 1860267.54 35.43
6368978.46 1860261.8 63.91
6368981.19 1860266.19 32.81
6368976.13 1860260.02 63.88
6368978.82 1860264.36 33.2
6368973.87 1860258.35 63.62
6368971.57 1860256.61 63.48
6368972.72 1860258.48 50.23
6368974.03 1860260.58 35.2
6368969.37 1860255.07 62.2
6368971.7 1860258.88 35.04
6368966.72 1860252.81 66.08
6368964.58 1860251.3 64.27
6368963.08 1860250.84 55.22
6368964.75 1860253.56 35.4
6368960.78 1860249.13 54.79
6368962.35 1860251.72 35.89
6368958.15 1860246.87 58.5
6368955.99 1860245.36 56.99
6368957.66 1860248.11 36.81
6368953.76 1860243.75 56.04
6368951.95 1860242.8 50.36
6368953.43 1860245.26 32.38
6368949.43 1860240.77 52.72
6368951.4 1860244.01 28.35
6368946.21 1860237.45 64.34
6368944.01 1860235.91 62.93
6368941.75 1860234.2 62.83
6368939.16 1860232.01 66.01
6368936.53 1860229.74 70.14
6368934.66 1860228.66 65.29
6368932.3 1860226.89 65.68
6368930.1 1860225.28 64.67
6368927.94 1860223.77 62.99
6368929.38 1860226.33 43.47
6368925.94 1860222.56 59.38
6368927.31 1860224.89 41.54
6368928.63 1860227.22 24.02
6368923.94 1860221.38 54.82
6368926.4 1860225.61 22.87
6368921.61 1860219.51 55.94
6368919.01 1860217.31 59.71
6368921.44 1860221.54 27.3
6368919.18 1860219.83 27.03
6368917.8 1860222.95 29.63
6368917.41 1860220.29 61.52
6368919.67 1860224.3 31.07
6368919.87 1860222.59 55.64
6368921.84 1860226.07 29.07
6368921.51 1860223.54 59.84
6368923.51 1860225.02 59.94
6368925.48 1860228.5 33.73
6368925.21 1860226.03 63.58
6368926.69 1860228.66 44.
6368927.15 1860227.48 63.91
6368929.02 1860228.76 65.78
6368930.69 1860231.65 44.
6368931.84 1860231.71 55.15
6368933.02 1860233.65 40.29
6368934.5 1860236.24 20.96
6368935.91 1860236.73 28.71
6368935.02 1860233.35 65.26
6368936.04 1860235.06 52.43
6368938.44 1860239.16 22.11
6368940.37 1860240.54 22.93
6368939.62 1860237.39 57.48
6368942.31 1860241.95 23.59
6368941.23 1860238.27 62.24
6368944.28 1860243.36 24.54
6368943.52 1860240.24 58.73
6368946.21 1860244.8 25.2
6368945.56 1860241.82 58.4
6368946.7 1860243.72 44.42
6368947.89 1860243.92 54.26
6368948.87 1860245.49 42.39
6368950.18 1860245.92 50.43
6368951.4 1860247.92 35.76
6368952.84 1860248.48 42.59
6368953.99 1860248.57 53.22
6368955.43 1860249.16 59.88
6368957.2 1860252.15 38.25
6368957.6 1860250.94 58.3
6368959.57 1860252.45 58.2
6368961.27 1860255.23 37.76
6368961.14 1860253.23 63.45
6368963.01 1860254.51 65.06
6368965.08 1860256.19 63.98
6368967.05 1860257.6 64.63
6368969.08 1860259.17 64.37
6368971.11 1860260.71 63.75
6368973.02 1860262.12 64.83
6368975.25 1860263.99 62.07
6368977.31 1860265.57 61.78
6368979.22 1860266.95 62.8
6368981.42 1860268.78 60.53
6368977.94 1860267.7 60.63
6368975.61 1860265.9 61.09
6368973.08 1860263.8 63.85
6368970.82 1860262.06 63.62
6368968.49 1860260.35 63.42
6368971.15 1860264.65 32.71
6368966.06 1860258.42 65.16
6368963.8 1860256.68 64.99
6368961.57 1860255.04 64.3
6368959.43 1860253.63 62.2
6368957.33 1860252.22 60.1
6368955.3 1860250.87 57.12
6368953.36 1860249.79 52.33
6368952.08 1860249.72 40.22
6368948.87 1860246.47 51.38
6368950.35 1860248.94 33.14
6368945.95 1860243.72 59.12
6368947.36 1860246.05 42.09
6368943.72 1860242.11 58.04
6368941.23 1860240.01 60.86
6368944.05 1860244.8 25.2
6368939.06 1860238.47 59.65
6368941.91 1860243.29 23.75
6368939.62 1860241.62 22.97
6368936.99 1860239.32 27.26
6368934.7 1860237.58 27.03
6368930.17 1860232.01 56.2
6368932.04 1860235.25 31.76
6368927.31 1860229.38 63.06
6368929.71 1860233.52 31.63
6368924.95 1860227.54 64.01
6368926.46 1860230.1 44.59
6368922.95 1860226.26 60.66
6368924.82 1860229.48 36.15
6368920.39 1860224.1 64.14
6368922.85 1860228.33 31.86
6368918.19 1860222.43 63.68
6368920.62 1860226.76 30.84
6368918.33 1860225.02 30.68
6368918.65 1860229.71 28.48
6368918.13 1860226.69 62.93
6368920.69 1860231.25 28.48
6368919.77 1860227.68 66.93
6368922.16 1860229.91 61.58
6368923.97 1860231.05 64.17
6368926.13 1860232.92 61.61
6368929.28 1860238.31 21.16
6368930.5 1860238.44 31.46
6368933.29 1860241.29 21.42
6368935.25 1860242.7 22.24
6368935.65 1860241.49 42.78
6368937.26 1860244.18 22.64
6368937.45 1860242.67 45.11
6368939.19 1860245.59 23.56
6368938.47 1860242.5 57.87
6368940.37 1860243.85 58.79
6368942.87 1860248.08 27.53
6368942.41 1860245.46 58.3
6368944.74 1860247.52 54.2
6368946.9 1860249.3 52.39
6368948.18 1860251.43 36.52
6368948.71 1860250.44 54.79
6368950.61 1860251.82 56.2
6368952.61 1860253.33 55.91
6368954.41 1860254.48 58.73
6368956.15 1860255.6 61.68
6368958.15 1860257.07 61.75
6368960.25 1860258.78 60.76
6368962.39 1860262.26 35.33
6368962.26 1860260.29 60.7
6368963.83 1860262.85 42.39
6368963.83 1860261.14 65.62
6368966.29 1860263.31 60.83
6368968.1 1860264.55 62.53
6368970.13 1860266.09 62.43
6368972.03 1860267.47 63.29
6368970.26 1860267.73 63.58
6368968.1 1860266.09 62.57
6368965.83 1860264.45 62.14
6368963.21 1860262.19 65.94
6368961.11 1860260.75 64.04
6368958.75 1860258.94 64.57
6368956.68 1860257.56 62.11
6368954.48 1860255.99 61.25
6368952.61 1860254.94 56.1
6368954.58 1860258.19 32.78
6368950.31 1860253.23 56.14
6368951.69 1860255.5 39.8
6368948.28 1860251.86 53.71
6368945.95 1860250.05 54.13
6368943.78 1860248.51 52.95
6368941.13 1860246.24 57.09
6368939.06 1860244.9 54.23
6368937.06 1860243.65 50.69
6368939.22 1860247.33 23.2
6368935.32 1860242.8 44.26
6368936.96 1860245.62 23.
6368934.7 1860243.98 22.21
6368932.43 1860242.34 21.59
6368930.2 1860240.67 21.29
6368924.62 1860233.32 63.62
6368927.94 1860238.99 20.54
6368922.43 1860231.68 63.16
6368925.64 1860237.22 21.29
6368920.49 1860230.66 57.91
6368923.25 1860235.39 22.01
6368917.9 1860228.3 62.73
6368920.88 1860233.55 23.
6368918.1 1860230.92 29.36
6368918.52 1860235.91 24.87
6368917.57 1860232.3 63.91
6368918.78 1860234.37 48.16
6368920.82 1860237.91 21.49
6368919.74 1860234.14 61.09
6368920.95 1860236.21 45.51
6368922.79 1860239.42 21.16
6368922.07 1860236.21 57.05
6368924.85 1860240.96 21.16
6368923.9 1860237.42 59.22
6368924.79 1860238.93 47.6
6368926.82 1860242.47 21.29
6368926.76 1860240.44 47.9
6368928.86 1860243.98 21.16
6368928.86 1860242.11 46.78
6368930.86 1860245.49 21.33
6368932.79 1860246.93 22.01
6368932.6 1860244.7 49.93
6368934.76 1860248.34 22.67
6368934.37 1860245.75 53.25
6368936.11 1860246.9 55.97
6368938.08 1860248.34 56.46
6368940.04 1860249.76 57.09
6368942.37 1860251.86 52.99
6368944.15 1860252.97 55.81
6368946.08 1860254.32 56.79
6368947.95 1860255.69 58.04
6368949.99 1860257.24 57.78
6368951.99 1860258.81 57.55
6368953.69 1860259.76 61.52
6368955.69 1860261.3 61.35
6368957.43 1860262.39 64.37
6368959.4 1860263.8 65.12
6368961.27 1860265.18 66.01
6368963.31 1860266.65 66.44
6368965.57 1860268.59 63.32
6368963.14 1860268.16 65.58
6368960.98 1860266.59 64.47
6368958.78 1860264.98 63.62
6368956.58 1860263.44 62.53
6368954.38 1860261.86 61.48
6368952.41 1860260.61 57.91
6368950.05 1860258.81 58.63
6368947.95 1860257.37 56.92
6368945.59 1860255.53 57.64
6368943.36 1860253.89 56.99
6368941.23 1860252.41 55.18
6368938.76 1860250.44 57.22
6368936.6 1860248.87 55.84
6368934.6 1860247.62 52.53
6368932.47 1860246.15 50.75
6368934.57 1860249.76 23.72
6368930.43 1860244.83 47.47
6368932.37 1860248.21 22.34
6368928.13 1860243.13 47.67
6368930.17 1860246.64 21.23
6368925.71 1860241.16 49.31
6368927.87 1860244.9 21.1
6368923.61 1860239.78 46.88
6368925.61 1860243.19 21.26
6368920.52 1860236.73 57.09
6368923.31 1860241.49 21.03
6368919.05 1860236.34 46.92
6368920.98 1860239.72 21.42
6368918.59 1860237.78 22.9
6368919.41 1860242.96 21.03
6368918.69 1860239.81 55.84
6368920.62 1860241.19 56.99
6368922.69 1860242.9 55.28
6368925.35 1860247.43 21.13
6368925.02 1860244.97 50.75
6368927.35 1860248.97 21.16
6368926.89 1860246.28 52.26
6368929.28 1860250.35 21.85
6368929.15 1860248.28 48.46
6368931.15 1860251.66 23.39
6368930.86 1860249.3 51.84
6368932.79 1860250.74 52.39
6368934.8 1860252.28 51.97
6368936.89 1860253.95 50.49
6368938.47 1860254.77 55.68
6368940.14 1860255.79 59.09
6368942.24 1860257.5 57.74
6368944.28 1860259.04 57.22
6368946.47 1860260.91 54.4
6368948.34 1860262.22 56.
6368950.08 1860263.34 58.69
6368951.86 1860264.52 61.06
6368953.92 1860266.09 60.43
6368955.69 1860267.27 62.5
6368957.63 1860268.69 63.29
6368955.46 1860268.65 62.17
6368953.36 1860267.27 59.68
6368950.9 1860265.31 61.42
6368948.97 1860264.16 57.15
6368946.7 1860262.48 56.63
6368944.38 1860260.65 57.51
6368942.05 1860258.88 58.01
6368939.65 1860257.04 58.96
6368937.75 1860255.89 54.46
6368935.84 1860254.84 49.38
6368933.35 1860252.81 51.77
6368931.09 1860251.13 51.15
6368933.02 1860254.48 26.41
6368928.89 1860249.53 50.3
6368930.96 1860253.1 23.59
6368926.63 1860247.89 49.77
6368928.76 1860251.56 22.01
6368924.17 1860245.92 51.57
6368926.53 1860249.92 21.29
6368921.54 1860243.55 56.3
6368924.2 1860248.18 21.42
6368919.01 1860241.49 58.76
6368921.93 1860246.51 20.77
6368919.64 1860244.74 21.13
6368918.72 1860245.59 58.66
6368920.95 1860247.52 55.77
6368923.44 1860249.85 49.54
6368925.41 1860251.36 49.57
6368927.54 1860254.94 23.1
6368927.71 1860253.36 46.23
6368929.35 1860256.15 25.43
6368929.32 1860254.25 50.72
6368931.15 1860257.3 27.85
6368931.45 1860255.92 49.38
6368933.02 1860258.61 29.76
6368933.32 1860257.24 51.18
6368935.29 1860258.65 51.57
6368936.96 1860259.63 55.68
6368938.99 1860261.17 55.38
6368941.03 1860262.78 54.63
6368943. 1860264.26 55.15
6368944.93 1860265.63 55.91
6368947.03 1860267.27 54.95
6368948.94 1860268.65 56.2
6368946.7 1860268.55 56.3
6368944.51 1860266.98 54.92
6368942.34 1860265.5 53.58
6368939.81 1860263.37 56.2
6368937.75 1860262.03 53.28
6368935.42 1860260.29 53.48
6368933.35 1860258.94 50.66
6368931.38 1860257.73 46.49
6368930.5 1860258.45 28.18
6368926.82 1860254.41 45.47
6368928.3 1860256.94 26.38
6368924.2 1860252.12 49.61
6368926.26 1860255.66 22.83
6368921.54 1860249.79 54.13
6368924.07 1860254.18 21.06
6368918.75 1860247.2 60.2
6368917.51 1860247.33 46.52
6368917.01 1860250.9 51.21
6368918.95 1860252.28 52.23
6368920.79 1860253.53 54.17
6368922.66 1860254.87 55.35
6368925.38 1860257.6 46.33
6368927.22 1860258.81 48.85
6368929.15 1860260.25 49.15
6368930.92 1860261.34 52.53
6368932.83 1860262.68 53.48
6368935.06 1860264.58 50.66
6368937.03 1860266.06 50.95
6368938.9 1860267.37 52.46
6368940.9 1860268.82 52.85
6368936.99 1860267.64 51.05
6368934.76 1860266. 50.46
6368932.37 1860264.09 51.71
6368930. 1860262.29 52.33
6368927.91 1860260.91 49.64
6368925.71 1860259.27 48.79
6368922.95 1860256.84 54.07
6368925.12 1860260.45 26.74
6368920.88 1860255.5 51.15
6368918.65 1860253.89 50.36
6368918.62 1860257.89 53.94
